1,1,2,534,249.2900471,232.1166071,0.628235294
2,1,3,108.06,50.44622188,46.97101228,0.127129412
3,2,3,612.63,285.9973062,266.2951254,0.720741176
4,3,4,42.39,19.78914812,18.42588572,0.049870588
5,3,5,282.5,131.8809706,122.7957706,0.332352941
6,4,6,236.34,110.3318534,102.731159,0.278047059
7,6,5,430.03,200.7531815,186.9234167,0.505917647
8,6,7,1052.76,491.4655242,457.6087626,1.238541176
9,6,8,1106.27,516.4458808,480.8682376,1.301494118
10,5,9,577.37,269.5366938,250.9684746,0.679258824
11,6,9,878.08,409.9187351,381.6796823,1.033035294
12,9,10,516.42,241.0830826,224.4750154,0.607552941
13,10,11,1150.69,537.1827046,500.1765142,1.353752941
14,8,12,599.73,279.9751309,260.6878141,0.705564706
15,9,13,1318.87,615.6950644,573.2802052,1.551611765
16,10,13,1074.69,501.7032222,467.1411918,1.264341176
17,13,14,854.71,399.0087942,371.5213206,1.005541176
18,12,15,635.28,296.5711256,276.1405208,0.747388235
19,16,15,946.54,441.8782793,411.4375529,1.113576471
20,12,17,1082.06,505.1437984,470.3447488,1.273011765
21,17,18,1165.15,543.9331429,506.4619189,1.370764706
22,18,19,423.96,197.9194913,184.2849377,0.498776471
23,14,19,927.64,433.0550922,403.2221898,1.091341176
24,19,20,1374.85,641.8285041,597.6133281,1.617470588
25,14,20,2128.51,993.6635919,925.2107103,2.504129412
26,11,21,2271.11,1060.234305,987.1954072,2.671894118
27,14,22,1694.09,790.8610034,736.379069,1.993047059
28,22,21,2346.04,1095.214273,1019.765627,2.760047059
29,22,23,2136.99,997.6223552,928.8967568,2.514105882
30,23,21,953.64,445.1928099,414.5237475,1.121929412
31,23,24,2567.79,1198.735,1116.154873,3.020929412
32,21,24,2560.23,1195.205725,1112.868728,3.012035294
33,24,25,3221.19,1503.765181,1400.171711,3.789635294
34,23,25,1025.88,478.9169915,445.9246907,1.206917647
35,22,25,1985.04,926.6867322,862.8478458,2.335341176
36,25,26,690.17,322.1957149,299.9998477,0.811964706
37,26,27,2180.44,1017.906349,947.7833983,2.565223529
38,27,28,293.26,136.9041184,127.4728768,0.345011765
39,26,29,3776.63,1763.064177,1641.607756,4.443094118
40,29,24,1166.16,544.4046466,506.900941,1.371952941
41,30,26,1425.14,665.3056511,619.4731487,1.676635294
42,31,30,959.73,448.0358368,417.17092,1.129094118
43,32,31,590.46,275.6475678,256.6583742,0.694658824
44,30,29,3026.43,1412.844339,1315.51435,3.560505882
45,31,29,3227.11,1506.528846,1402.744988,3.7966
46,32,29,3297.79,1539.524765,1433.467838,3.879752941
47,33,32,1186.12,553.7226791,515.5770599,1.395435294
48,33,34,315.07,147.0857961,136.9531449,0.370670588
49,35,32,1863.16,869.7888466,809.869621,2.191952941
50,33,35,1477.41,689.7071319,642.1936263,1.738129412
51,35,34,1292.43,603.3519392,561.7873904,1.520505882
52,36,34,3348.81,1563.342701,1455.644972,3.939776471
53,36,37,2653.25,1238.630744,1153.302224,3.121470588